3000000
3000001
3000002
3000003
3000004
3000005
3000006
3000007
3000008
3000009
3000010
3000011
3000012
3000013
3000014
3000015
3000016
3000017
3000018
3000019
3000020
3000021
3000022
3000023
3000024
3000025
3000026
3000027
3000028
3000029
3000030
3000031
3000032
3000033
3000034
3000035
3000036
3000037
3000038
3000039
3000040
3000041
3000042
3000043
3000044
3000045
3000046
3000047
3000048
3000049
3000050
3000051
3000052
3000053
3000054
3000055
3000056
3000057
3000058
3000059
3000060
3000061
3000062
3000063
3000064
3000065
3000066
3000067
3000068
3000069
3000070
3000071
3000072
3000073
3000074
3000075
3000076
3000077
3000078
3000079
3000080
3000081
3000082
3000083
3000084
3000085
3000086
3000087
3000088
3000089
3000090
3000091
3000092
3000093
3000094
3000095
3000096
3000097
3000098
3000099
3000100
3000101
3000102
3000103
3000104
3000105
3000106
3000107
3000108
3000109
3000110
3000111
3000112
3000113
3000114
3000115
3000116
3000117
3000118
3000119
3000120
3000121
3000122
3000123
3000124
3000125
3000126
3000127
3000128
3000129
3000130
3000131
3000132
3000133
3000134
3000135
3000136
3000137
3000138
3000139
3000140
3000141
3000142
3000143
3000144
3000145
3000146
3000147
3000148
3000149
3000150
3000151
3000152
3000153
3000154
3000155
3000156
3000157
3000158
3000159
3000160
3000161
3000162
3000163
3000164
3000165
3000166
3000167
3000168
3000169
3000170
3000171
3000172
3000173
3000174
3000175
3000176
3000177
3000178
3000179
3000180
3000181
3000182
3000183
3000184
3000185
3000186
3000187
3000188
3000189
3000190
3000191
3000192
3000193
3000194
3000195
3000196
3000197
3000198
3000199
3000200
3000201
3000202
3000203
3000204
3000205
3000206
3000207
3000208
3000209
3000210
3000211
3000212
3000213
3000214
3000215
3000216
3000217
3000218
3000219