20000000
20000001
20000002
20000003
20000004
20000005
20000006
20000007
20000008
20000009
20000010
20000011
20000012
20000013
20000014
20000015
20000016
20000017
20000018
20000019
20000020
20000021
20000022
20000023
20000024
20000025
20000026
20000027
20000028
20000029
20000030
20000031
20000032
20000033
20000034
20000035
20000036
20000037
20000038
20000039
20000040
20000041
20000042
20000043
20000044
20000045
20000046
20000047
20000048
20000049
20000050
20000051
20000052
20000053
20000054
20000055
20000056
20000057
20000058
20000059
20000060
20000061
20000062
20000063
20000064
20000065
20000066
20000067
20000068
20000069
20000070
20000071
20000072
20000073
20000074
20000075
20000076
20000077
20000078
20000079
20000080
20000081
20000082
20000083
20000084
20000085
20000086
20000087
20000088
20000089
20000090
20000091
20000092
20000093
20000094
20000095
20000096
20000097
20000098
20000099
20000100
20000101
20000102
20000103
20000104
20000105
20000106
20000107
20000108
20000109
20000110
20000111
20000112
20000113
20000114
20000115
20000116
20000117
20000118
20000119
20000120
20000121
20000122
20000123
20000124
20000125
20000126
20000127
20000128
20000129
20000130
20000131
20000132
20000133
20000134
20000135
20000136
20000137
20000138
20000139
20000140
20000141
20000142
20000143
20000144
20000145
20000146
20000147
20000148
20000149
20000150
20000151
20000152
20000153
20000154
20000155
20000156
20000157
20000158
20000159
20000160
20000161
20000162
20000163
20000164
20000165
20000166
20000167
20000168
20000169
20000170
20000171
20000172
20000173
20000174
20000175
20000176
20000177
20000178
20000179
20000180
20000181
20000182
20000183
20000184
20000185
20000186
20000187
20000188
20000189
20000190
20000191
20000192
20000193
20000194
20000195
20000196